
U93030DL2010PTC198141,Success,data saved
